----------------------------- MyStack Timing Analysis: clear() ----------------------------------
			    timesToLoop: 1000 | Should be O(1)

N	T(N)		|	T(N)/logN	T(N)/NlogN	T(N)/N		T(N)/N^2	T(N)/N^3
---------------------------------------------------------------------------------------------------------
100000	2240E-01	|	1349E-02	1349E-07	2240E-06	1589E-10	-1464E-10
200000	1000E-03	|	5679E-05	2839E-10	5000E-09	7433E-13	1560E-12
300000	1000E-03	|	5496E-05	1832E-10	3333E-09	-5146E-12	6149E-13
400000	1000E-03	|	5374E-05	1343E-10	2500E-09	9206E-13	1201E-12
500000	1000E-03	|	5282E-05	1056E-10	2000E-09	1121E-12	5098E-13
600000	1000E-03	|	5210E-05	8683E-11	1667E-09	-1287E-12	7964E-12
700000	1000E-03	|	5150E-05	7357E-11	1429E-09	2676E-12	-1027E-12
800000	2000E-03	|	1020E-04	1275E-10	2500E-09	4010E-11	-1037E-12
900000	1000E-03	|	5056E-05	5617E-11	1111E-09	-5718E-13	1041E-12
1000000	1000E-03	|	5017E-05	5017E-11	1000E-09	-1375E-12	-6727E-13
1100000	1000E-03	|	4983E-05	4530E-11	9091E-10	-8469E-13	-7847E-13
1200000	1000E-03	|	4952E-05	4127E-11	8333E-10	8432E-13	9955E-13
1300000	1000E-03	|	4924E-05	3787E-11	7692E-10	4813E-13	2165E-12
1400000	1000E-03	|	4898E-05	3498E-11	7143E-10	6689E-13	1250E-12
1500000	1000E-03	|	4874E-05	3249E-11	6667E-10	-1777E-12	7017E-13
1600000	1000E-03	|	4852E-05	3033E-11	6250E-10	5013E-12	5731E-13
1700000	1000E-03	|	4832E-05	2842E-11	5882E-10	-1949E-12	8577E-13
1800000	4000E-03	|	1925E-04	1069E-10	2222E-09	2508E-12	-4422E-12
1900000	1000E-03	|	4794E-05	2523E-11	5263E-10	-4837E-13	-1307E-12
2000000	4000E-03	|	1911E-04	9555E-11	2000E-09	2887E-12	4032E-12
---------------------------------------------------------------------------------------------------------
----------------------------- MyStack Timing Analysis: isEmpty() ----------------------------------
			    timesToLoop: 600 | Should be O(1)

N	T(N)		|	T(N)/logN	T(N)/NlogN	T(N)/N		T(N)/N^2	T(N)/N^3
---------------------------------------------------------------------------------------------------------
100000	6990E-01	|	4208E-02	4208E-07	6990E-06	4957E-10	-4567E-10
200000	1000E-03	|	5679E-05	2839E-10	5000E-09	7433E-13	1560E-12
300000	1000E-03	|	5496E-05	1832E-10	3333E-09	-5146E-12	6149E-13
400000	1000E-03	|	5374E-05	1343E-10	2500E-09	9206E-13	1201E-12
500000	1000E-03	|	5282E-05	1056E-10	2000E-09	1121E-12	5098E-13
600000	1000E-03	|	5210E-05	8683E-11	1667E-09	-1287E-12	7964E-12
700000	1000E-03	|	5150E-05	7357E-11	1429E-09	2676E-12	-1027E-12
800000	1000E-03	|	5100E-05	6374E-11	1250E-09	2005E-11	-5183E-13
900000	1000E-03	|	5056E-05	5617E-11	1111E-09	-5718E-13	1041E-12
1000000	1000E-03	|	5017E-05	5017E-11	1000E-09	-1375E-12	-6727E-13
1100000	1000E-03	|	4983E-05	4530E-11	9091E-10	-8469E-13	-7847E-13
1200000	2000E-03	|	9904E-05	8253E-11	1667E-09	1686E-12	1991E-12
1300000	1000E-03	|	4924E-05	3787E-11	7692E-10	4813E-13	2165E-12
1400000	1000E-03	|	4898E-05	3498E-11	7143E-10	6689E-13	1250E-12
1500000	2000E-03	|	9748E-05	6499E-11	1333E-09	-3553E-12	1403E-12
1600000	2000E-03	|	9704E-05	6065E-11	1250E-09	1003E-11	1146E-12
1700000	1000E-03	|	4832E-05	2842E-11	5882E-10	-1949E-12	8577E-13
1800000	1000E-03	|	4812E-05	2674E-11	5556E-10	6271E-13	-1105E-12
1900000	2000E-03	|	9589E-05	5047E-11	1053E-09	-9674E-13	-2614E-12
2000000	1000E-03	|	4777E-05	2389E-11	5000E-10	7218E-13	1008E-12
---------------------------------------------------------------------------------------------------------
----------------------------- MyStack Timing Analysis: peek() ----------------------------------
			    timesToLoop: 800 | Should be O(1)

N	T(N)		|	T(N)/logN	T(N)/NlogN	T(N)/N		T(N)/N^2	T(N)/N^3
---------------------------------------------------------------------------------------------------------
100000	2930E-01	|	1764E-02	1764E-07	2930E-06	2078E-10	-1914E-10
200000	3700E-02	|	2101E-03	1051E-08	1850E-07	2750E-11	5773E-11
300000	2800E-02	|	1539E-03	5130E-09	9333E-08	-1441E-10	1722E-11
400000	2600E-02	|	1397E-03	3493E-09	6500E-08	2394E-11	3123E-11
500000	1500E-02	|	7923E-04	1585E-09	3000E-08	1682E-11	7647E-12
600000	2500E-02	|	1302E-03	2171E-09	4167E-08	-3216E-11	1991E-10
700000	5000E-02	|	2575E-03	3679E-09	7143E-08	1338E-10	-5135E-11
800000	5300E-02	|	2703E-03	3378E-09	6625E-08	1063E-09	-2747E-11
900000	6000E-03	|	3033E-04	3370E-10	6667E-09	-3431E-12	6246E-12
1000000	6000E-03	|	3010E-04	3010E-10	6000E-09	-8249E-12	-4036E-12
1100000	6000E-03	|	2990E-04	2718E-10	5455E-09	-5081E-12	-4708E-12
1200000	1800E-02	|	8913E-04	7428E-10	1500E-08	1518E-11	1792E-11
1300000	7000E-03	|	3447E-04	2651E-10	5385E-09	3369E-12	1515E-11
1400000	7000E-03	|	3429E-04	2449E-10	5000E-09	4683E-12	8752E-12
1500000	7000E-03	|	3412E-04	2275E-10	4667E-09	-1244E-11	4912E-12
1600000	7000E-03	|	3396E-04	2123E-10	4375E-09	3509E-11	4012E-12
1700000	6000E-03	|	2899E-04	1705E-10	3529E-09	-1170E-11	5146E-12
1800000	6000E-03	|	2887E-04	1604E-10	3333E-09	3763E-12	-6632E-12
1900000	1800E-02	|	8630E-04	4542E-10	9474E-09	-8706E-12	-2353E-11
2000000	7000E-03	|	3344E-04	1672E-10	3500E-09	5053E-12	7057E-12
---------------------------------------------------------------------------------------------------------
----------------------------- MyStack Timing Analysis: pop() ----------------------------------
			    timesToLoop: 9000 | Should be O(1)

N	T(N)		|	T(N)/logN	T(N)/NlogN	T(N)/N		T(N)/N^2	T(N)/N^3
---------------------------------------------------------------------------------------------------------
100000	1320E-01	|	7947E-03	7947E-08	1320E-06	9361E-11	-8625E-11
200000	1300E-02	|	7382E-04	3691E-09	6500E-08	9663E-12	2028E-11
300000	9000E-03	|	4947E-04	1649E-09	3000E-08	-4632E-11	5534E-12
400000	1000E-02	|	5374E-04	1343E-09	2500E-08	9206E-12	1201E-11
500000	9000E-03	|	4754E-04	9508E-10	1800E-08	1009E-11	4588E-12
600000	9000E-03	|	4689E-04	7815E-10	1500E-08	-1158E-11	7167E-11
700000	9000E-03	|	4635E-04	6622E-10	1286E-08	2408E-11	-9242E-12
800000	1000E-02	|	5100E-04	6374E-10	1250E-08	2005E-10	-5183E-12
900000	1000E-02	|	5056E-04	5617E-10	1111E-08	-5718E-12	1041E-11
1000000	1000E-02	|	5017E-04	5017E-10	1000E-08	-1375E-11	-6727E-12
1100000	1000E-02	|	4983E-04	4530E-10	9091E-09	-8469E-12	-7847E-12
1200000	1000E-02	|	4952E-04	4127E-10	8333E-09	8432E-12	9955E-12
1300000	9000E-03	|	4431E-04	3409E-10	6923E-09	4331E-12	1948E-11
1400000	9000E-03	|	4408E-04	3149E-10	6429E-09	6020E-12	1125E-11
1500000	2600E-02	|	1267E-03	8448E-10	1733E-08	-4619E-11	1824E-11
1600000	1000E-02	|	4852E-04	3033E-10	6250E-09	5013E-11	5731E-12
1700000	1000E-02	|	4832E-04	2842E-10	5882E-09	-1949E-11	8577E-12
1800000	9000E-03	|	4331E-04	2406E-10	5000E-09	5644E-12	-9949E-12
1900000	1000E-02	|	4794E-04	2523E-10	5263E-09	-4837E-12	-1307E-11
2000000	2700E-02	|	1290E-03	6450E-10	1350E-08	1949E-11	2722E-11
---------------------------------------------------------------------------------------------------------
----------------------------- MyStack Timing Analysis: push(E item) ----------------------------------
			    timesToLoop: 10000 | Should be O(1)

N	T(N)		|	T(N)/logN	T(N)/NlogN	T(N)/N		T(N)/N^2	T(N)/N^3
---------------------------------------------------------------------------------------------------------
100000	4600E-02	|	2769E-03	2769E-08	4600E-07	3262E-11	-3006E-11
200000	1300E-02	|	7382E-04	3691E-09	6500E-08	9663E-12	2028E-11
300000	1200E-02	|	6595E-04	2198E-09	4000E-08	-6176E-11	7379E-12
400000	1500E-02	|	8060E-04	2015E-09	3750E-08	1381E-11	1802E-11
500000	1300E-02	|	6867E-04	1373E-09	2600E-08	1458E-11	6627E-12
600000	1300E-02	|	6773E-04	1129E-09	2167E-08	-1673E-11	1035E-10
700000	1200E-02	|	6180E-04	8829E-10	1714E-08	3211E-11	-1232E-11
800000	1300E-02	|	6629E-04	8287E-10	1625E-08	2607E-10	-6738E-12
900000	1600E-02	|	8089E-04	8988E-10	1778E-08	-9149E-12	1666E-11
1000000	1300E-02	|	6522E-04	6522E-10	1300E-08	-1787E-11	-8745E-12
1100000	3600E-02	|	1794E-03	1631E-09	3273E-08	-3049E-11	-2825E-11
1200000	1300E-02	|	6437E-04	5364E-10	1083E-08	1096E-11	1294E-11
1300000	1300E-02	|	6401E-04	4924E-10	1000E-08	6256E-12	2814E-11
1400000	1300E-02	|	6367E-04	4548E-10	9286E-09	8696E-12	1625E-11
1500000	1300E-02	|	6336E-04	4224E-10	8667E-09	-2310E-11	9122E-12
1600000	1300E-02	|	6308E-04	3942E-10	8125E-09	6517E-11	7451E-12
1700000	1300E-02	|	6281E-04	3695E-10	7647E-09	-2534E-11	1115E-11
1800000	4100E-02	|	1973E-03	1096E-09	2278E-08	2571E-11	-4532E-11
1900000	1300E-02	|	6233E-04	3280E-10	6842E-09	-6288E-12	-1699E-11
2000000	3600E-02	|	1720E-03	8599E-10	1800E-08	2598E-11	3629E-11
---------------------------------------------------------------------------------------------------------
----------------------------- MyStack Timing Analysis: size() ----------------------------------
			    timesToLoop: 800 | Should be O(1)

N	T(N)		|	T(N)/logN	T(N)/NlogN	T(N)/N		T(N)/N^2	T(N)/N^3
---------------------------------------------------------------------------------------------------------
100000	1230E-01	|	7405E-03	7405E-08	1230E-06	8723E-11	-8037E-11
200000	1000E-03	|	5679E-05	2839E-10	5000E-09	7433E-13	1560E-12
300000	1000E-03	|	5496E-05	1832E-10	3333E-09	-5146E-12	6149E-13
400000	1000E-03	|	5374E-05	1343E-10	2500E-09	9206E-13	1201E-12
500000	1000E-03	|	5282E-05	1056E-10	2000E-09	1121E-12	5098E-13
600000	1000E-03	|	5210E-05	8683E-11	1667E-09	-1287E-12	7964E-12
700000	2000E-03	|	1030E-04	1471E-10	2857E-09	5351E-12	-2054E-12
800000	1000E-03	|	5100E-05	6374E-11	1250E-09	2005E-11	-5183E-13
900000	1000E-03	|	5056E-05	5617E-11	1111E-09	-5718E-13	1041E-12
1000000	1000E-03	|	5017E-05	5017E-11	1000E-09	-1375E-12	-6727E-13
1100000	1000E-03	|	4983E-05	4530E-11	9091E-10	-8469E-13	-7847E-13
1200000	2000E-03	|	9904E-05	8253E-11	1667E-09	1686E-12	1991E-12
1300000	1000E-03	|	4924E-05	3787E-11	7692E-10	4813E-13	2165E-12
1400000	1000E-03	|	4898E-05	3498E-11	7143E-10	6689E-13	1250E-12
1500000	1000E-03	|	4874E-05	3249E-11	6667E-10	-1777E-12	7017E-13
1600000	1000E-03	|	4852E-05	3033E-11	6250E-10	5013E-12	5731E-13
1700000	1000E-03	|	4832E-05	2842E-11	5882E-10	-1949E-12	8577E-13
1800000	1000E-03	|	4812E-05	2674E-11	5556E-10	6271E-13	-1105E-12
1900000	1000E-03	|	4794E-05	2523E-11	5263E-10	-4837E-13	-1307E-12
2000000	1000E-03	|	4777E-05	2389E-11	5000E-10	7218E-13	1008E-12
---------------------------------------------------------------------------------------------------------
------------------- MyPriorityQueue Timing Analysis: findMin() ----------------------
			    timesToLoop: 1000 | Should be O(1)

N	T(N)		|	T(N)/logN	T(N)/NlogN	T(N)/N		T(N)/N^2	T(N)/N^3
---------------------------------------------------------------------------------------------------------
100000	2640E-01	|	1589E-02	1589E-07	2640E-06	1872E-10	-1725E-10
200000	1000E-03	|	5679E-05	2839E-10	5000E-09	7433E-13	1560E-12
300000	1000E-03	|	5496E-05	1832E-10	3333E-09	-5146E-12	6149E-13
400000	1000E-03	|	5374E-05	1343E-10	2500E-09	9206E-13	1201E-12
500000	1000E-03	|	5282E-05	1056E-10	2000E-09	1121E-12	5098E-13
600000	1000E-03	|	5210E-05	8683E-11	1667E-09	-1287E-12	7964E-12
700000	1000E-03	|	5150E-05	7357E-11	1429E-09	2676E-12	-1027E-12
800000	1000E-03	|	5100E-05	6374E-11	1250E-09	2005E-11	-5183E-13
900000	1000E-03	|	5056E-05	5617E-11	1111E-09	-5718E-13	1041E-12
1000000	1000E-03	|	5017E-05	5017E-11	1000E-09	-1375E-12	-6727E-13
1100000	1000E-03	|	4983E-05	4530E-11	9091E-10	-8469E-13	-7847E-13
1200000	3000E-03	|	1486E-04	1238E-10	2500E-09	2530E-12	2986E-12
1300000	1000E-03	|	4924E-05	3787E-11	7692E-10	4813E-13	2165E-12
1400000	1000E-03	|	4898E-05	3498E-11	7143E-10	6689E-13	1250E-12
1500000	1000E-03	|	4874E-05	3249E-11	6667E-10	-1777E-12	7017E-13
1600000	1000E-03	|	4852E-05	3033E-11	6250E-10	5013E-12	5731E-13
1700000	2000E-03	|	9663E-05	5684E-11	1176E-09	-3899E-12	1715E-12
1800000	1000E-03	|	4812E-05	2674E-11	5556E-10	6271E-13	-1105E-12
1900000	1000E-03	|	4794E-05	2523E-11	5263E-10	-4837E-13	-1307E-12
2000000	1000E-03	|	4777E-05	2389E-11	5000E-10	7218E-13	1008E-12
---------------------------------------------------------------------------------------------------------
------------------- MyPriorityQueue Timing Analysis: insert(E item) ----------------------
			    timesToLoop: 6000 | Should be O(1)

N	T(N)		|	T(N)/logN	T(N)/NlogN	T(N)/N		T(N)/N^2	T(N)/N^3
---------------------------------------------------------------------------------------------------------
100000	5800E-02	|	3492E-03	3492E-08	5800E-07	4113E-11	-3790E-11
200000	4500E-02	|	2555E-03	1278E-08	2250E-07	3345E-11	7021E-11
300000	2600E-02	|	1429E-03	4763E-09	8667E-08	-1338E-10	1599E-11
400000	2700E-02	|	1451E-03	3627E-09	6750E-08	2486E-11	3243E-11
500000	4200E-02	|	2219E-03	4437E-09	8400E-08	4709E-11	2141E-11
600000	2700E-02	|	1407E-03	2344E-09	4500E-08	-3474E-11	2150E-10
700000	4400E-02	|	2266E-03	3237E-09	6286E-08	1177E-10	-4519E-11
800000	3100E-02	|	1581E-03	1976E-09	3875E-08	6216E-10	-1607E-11
900000	2600E-02	|	1314E-03	1461E-09	2889E-08	-1487E-11	2706E-11
1000000	3100E-02	|	1555E-03	1555E-09	3100E-08	-4262E-11	-2085E-11
1100000	2700E-02	|	1345E-03	1223E-09	2455E-08	-2287E-11	-2119E-11
1200000	2600E-02	|	1287E-03	1073E-09	2167E-08	2192E-11	2588E-11
1300000	2800E-02	|	1379E-03	1060E-09	2154E-08	1348E-11	6062E-11
1400000	7600E-02	|	3722E-03	2659E-09	5429E-08	5084E-11	9502E-11
1500000	2800E-02	|	1365E-03	9098E-10	1867E-08	-4975E-11	1965E-11
1600000	3200E-02	|	1553E-03	9704E-10	2000E-08	1604E-10	1834E-11
1700000	2600E-02	|	1256E-03	7389E-10	1529E-08	-5068E-11	2230E-11
1800000	2600E-02	|	1251E-03	6951E-10	1444E-08	1630E-11	-2874E-11
1900000	2700E-02	|	1294E-03	6813E-10	1421E-08	-1306E-11	-3530E-11
2000000	7500E-02	|	3583E-03	1792E-09	3750E-08	5413E-11	7561E-11
---------------------------------------------------------------------------------------------------------
