-------------  Timing Analysis: areAnagrams(String s1, String s2)  ----------------
				timesToLoop: 1000 | Should be O(N^2)

N	    T(N)	|	T(N)/logN	T(N)/N		T(N)/N^2	T(N)/N^3
-----------------------------------------------------------------------------------
1000	5773E2	|	5793E1		5773E-1		5773E-4		5773E-7
2000	2011E3	|	1834E2		1005E0		5026E-4		-3408E-6
3000	4594E3	|	3977E2		1531E0		5104E-4		3734E-6
4000	7726E3	|	6457E2		1932E0		4829E-4		-1820E-5
5000	1203E4	|	9793E2		2407E0		4813E-4		2698E-5
6000	1723E4	|	1373E3		2872E0		4787E-4		1377E-5
7000	2353E4	|	1842E3		3361E0		4802E-4		-3939E-5
8000	3068E4	|	2366E3		3835E0		4794E-4		3413E-5
9000	3896E4	|	2966E3		4328E0		4809E-4		-3404E-5
10000	4775E4	|	3593E3		4775E0		4775E-4		-6564E-5
11000	5770E4	|	4298E3		5245E0		4768E-4		-1312E-4
12000	6844E4	|	5050E3		5703E0		4753E-4		4809E-5
13000	8137E4	|	5954E3		6259E0		4815E-4		-4022E-5
14000	9583E4	|	6958E3		6845E0		4889E-4		-1980E-4
15000	1071E5	|	7718E3		7138E0		4758E-4		-1268E-4
16000	1227E5	|	8787E3		7670E0		4794E-4		-8773E-5
17000	1384E5	|	9847E3		8140E0		4788E-4		-3127E-4
18000	1544E5	|	1092E4		8577E0		4765E-4		-2730E-4
19000	1708E5	|	1201E4		8987E0		4730E-4		-2720E-3
20000	1893E5	|	1325E4		9467E0		4734E-4		-1242E-4
-----------------------------------------------------------------------------------
-------------  Timing Analysis: getLargestAnagramGroup(String[] s))  --------------
				timesToLoop: 2 | Should be O(N^2)

N	    T(N)	|	T(N)/logN	T(N)/N		T(N)/N^2	T(N)/N^3
-----------------------------------------------------------------------------------
1000	1166E5	|	1170E4		1166E2		1166E-1		1166E-4
2000	4581E5	|	4178E4		2291E2		1145E-1		-7766E-4
3000	1037E6	|	8976E4		3456E2		1152E-1		8428E-4
4000	2581E6	|	2157E5		6453E2		1613E-1		-6080E-3
5000	3082E6	|	2509E5		6165E2		1233E-1		6912E-3
6000	5438E6	|	4333E5		9063E2		1510E-1		4344E-3
7000	5595E6	|	4381E5		7993E2		1142E-1		-9367E-3
8000	8237E6	|	6353E5		1030E3		1287E-1		9163E-3
9000	1087E7	|	8273E5		1207E3		1342E-1		-9495E-3
10000	1249E7	|	9398E5		1249E3		1249E-1		-1717E-2
11000	1688E7	|	1258E6		1535E3		1395E-1		-3839E-2
12000	2022E7	|	1492E6		1685E3		1404E-1		1421E-2
13000	2432E7	|	1780E6		1871E3		1439E-1		-1202E-2
14000	2917E7	|	2118E6		2083E3		1488E-1		-6025E-2
15000	3368E7	|	2428E6		2245E3		1497E-1		-3989E-2
16000	3932E7	|	2816E6		2458E3		1536E-1		-2811E-2
17000	4354E7	|	3098E6		2561E3		1507E-1		-9838E-2
18000	4897E7	|	3465E6		2721E3		1512E-1		-8659E-2
19000	6337E7	|	4458E6		3335E3		1755E-1		-1009E0
20000	6408E7	|	4485E6		3204E3		1602E-1		-4204E-2
-----------------------------------------------------------------------------------
------  Timing Analysis: getLargestAnagramGroupUsingSortMethod(String[] s))  ------
				timesToLoop: 3 | Should be O(N^2)??

N	    T(N)	|	T(N)/logN	T(N)/N		T(N)/N^2	T(N)/N^3
-----------------------------------------------------------------------------------
1000	6090E3	|	6111E2		6090E0		6090E-3		6090E-6
2000	1273E4	|	1161E3		6367E0		3183E-3		-2158E-5
3000	1939E4	|	1678E3		6462E0		2154E-3		1576E-5
4000	2630E4	|	2198E3		6576E0		1644E-3		-6196E-5
5000	3135E4	|	2551E3		6270E0		1254E-3		7030E-5
6000	5032E4	|	4010E3		8387E0		1398E-3		4021E-5
7000	4967E4	|	3889E3		7096E0		1014E-3		-8315E-5
8000	6257E4	|	4826E3		7822E0		9777E-4		6961E-5
9000	6058E4	|	4612E3		6731E0		7479E-4		-5293E-5
10000	6712E4	|	5051E3		6712E0		6712E-4		-9228E-5
11000	7269E4	|	5414E3		6608E0		6007E-4		-1652E-4
12000	7846E4	|	5790E3		6538E0		5449E-4		5513E-5
13000	8536E4	|	6246E3		6566E0		5051E-4		-4219E-5
14000	9207E4	|	6685E3		6577E0		4698E-4		-1902E-4
15000	9992E4	|	7203E3		6662E0		4441E-4		-1184E-4
16000	1081E5	|	7743E3		6758E0		4224E-4		-7731E-5
17000	1146E5	|	8156E3		6743E0		3966E-4		-2590E-4
18000	1221E5	|	8638E3		6784E0		3769E-4		-2159E-4
19000	1304E5	|	9172E3		6861E0		3611E-4		-2077E-3
20000	1366E5	|	9561E3		6830E0		3415E-4		-8963E-5
-----------------------------------------------------------------------------------
