--------------------  Timing Analysis: void addFirst(E element)  -------------------------------
			    timesToLoop: 1000 | Should be O(1)

N		T(N)  	|	T(N)/logN	T(N)/NlogN	T(N)/N		T(N)/N^2	T(N)/N^3
------------------------------------------------------------------------------------------------
1000	-6263E0	|	-6285E-1	-6285E-4	-6263E-3	-6263E-6	-6263E-9
2000	2000E-2	|	1824E-3		9119E-7		1000E-5		5000E-9		-3390E-11
3000	2100E-2	|	1818E-3		6060E-7		7000E-6		2333E-9		1707E-11
4000	1800E-2	|	1504E-3		3761E-7		4500E-6		1125E-9		-4240E-11
5000	2000E-2	|	1628E-3		3255E-7		4000E-6		8000E-10	4485E-11
6000	2300E-2	|	1833E-3		3054E-7		3833E-6		6389E-10	1838E-11
7000	2100E-2	|	1644E-3		2349E-7		3000E-6		4286E-10	-3515E-11
8000	1000E-2	|	7713E-4		9641E-8		1250E-6		1563E-10	1112E-11
9000	1100E-2	|	8374E-4		9305E-8		1222E-6		1358E-10	-9612E-12
10000	1000E-2	|	7526E-4		7526E-8		1000E-6		1000E-10	-1375E-11
11000	1000E-2	|	7449E-4		6772E-8		9091E-7		8264E-11	-2273E-11
12000	1500E-2	|	1107E-3		9225E-8		1250E-6		1042E-10	1054E-11
13000	1100E-2	|	8049E-4		6192E-8		8462E-7		6509E-11	-5437E-12
14000	1100E-2	|	7987E-4		5705E-8		7857E-7		5612E-11	-2272E-11
15000	1000E-2	|	7208E-4		4806E-8		6667E-7		4444E-11	-1184E-11
16000	1000E-2	|	7160E-4		4475E-8		6250E-7		3906E-11	-7149E-12
17000	1000E-2	|	7116E-4		4186E-8		5882E-7		3460E-11	-2259E-11
18000	1600E-2	|	1132E-3		6288E-8		8889E-7		4938E-11	-2829E-11
19000	1000E-2	|	7035E-4		3703E-8		5263E-7		2770E-11	-1593E-10
20000	1100E-2	|	7699E-4		3849E-8		5500E-7		2750E-11	-7218E-12
------------------------------------------------------------------------------------------------
--------------------  Timing Analysis: void addFirstArrayList(0, item)  ------------------------
			    timesToLoop: 1000 | Should be O(N)
	 This is the worst case since the array must be resized and shifted on each insert.

N		T(N)  	|	T(N)/logN	T(N)/NlogN	T(N)/N		T(N)/N^2	T(N)/N^3
------------------------------------------------------------------------------------------------
1000	9000E-1	|	9031E-2		9031E-5		9000E-4		9000E-7		9000E-10
2000	3630E-1	|	3310E-2		1655E-5		1815E-4		9075E-8		-6153E-10
3000	5230E-1	|	4528E-2		1509E-5		1743E-4		5811E-8		4251E-10
4000	6860E-1	|	5733E-2		1433E-5		1715E-4		4287E-8		-1616E-9
5000	8950E-1	|	7284E-2		1457E-5		1790E-4		3580E-8		2007E-9
6000	1045E0	|	8326E-2		1388E-5		1742E-4		2903E-8		8349E-10
7000	1265E0	|	9904E-2		1415E-5		1807E-4		2582E-8		-2118E-9
8000	1437E0	|	1108E-1		1385E-5		1796E-4		2245E-8		1599E-9
9000	1744E0	|	1328E-1		1475E-5		1938E-4		2153E-8		-1524E-9
10000	2174E0	|	1636E-1		1636E-5		2174E-4		2174E-8		-2989E-9
11000	2374E0	|	1768E-1		1608E-5		2158E-4		1962E-8		-5397E-9
12000	2580E0	|	1904E-1		1587E-5		2150E-4		1792E-8		1813E-9
13000	2789E0	|	2041E-1		1570E-5		2145E-4		1650E-8		-1378E-9
14000	3083E0	|	2238E-1		1599E-5		2202E-4		1573E-8		-6368E-9
15000	3270E0	|	2357E-1		1571E-5		2180E-4		1453E-8		-3873E-9
16000	3636E0	|	2604E-1		1627E-5		2273E-4		1420E-8		-2599E-9
17000	3680E0	|	2619E-1		1540E-5		2165E-4		1273E-8		-8315E-9
18000	3931E0	|	2781E-1		1545E-5		2184E-4		1213E-8		-6950E-9
19000	4105E0	|	2888E-1		1520E-5		2161E-4		1137E-8		-6540E-8
20000	4351E0	|	3045E-1		1523E-5		2175E-4		1088E-8		-2855E-9
------------------------------------------------------------------------------------------------
--------------------  Timing Analysis: void timeGetLinkedList(int index) -----------------------
			    timesToLoop: 5000 | Should be O(N)
	 This get method must cycle through the entire LinkedList to get to the right index.

N		T(N)  	|	T(N)/logN	T(N)/NlogN	T(N)/N		T(N)/N^2	T(N)/N^3
------------------------------------------------------------------------------------------------
1000	1876E0	|	1882E-1		1882E-4		1876E-3		1876E-6		1876E-9
2000	1705E0	|	1555E-1		7774E-5		8525E-4		4262E-7		-2890E-9
3000	2883E0	|	2496E-1		8320E-5		9610E-4		3203E-7		2344E-9
4000	3780E0	|	3159E-1		7898E-5		9450E-4		2362E-7		-8904E-9
5000	4808E0	|	3913E-1		7826E-5		9616E-4		1923E-7		1078E-8
6000	5731E0	|	4566E-1		7610E-5		9552E-4		1592E-7		4579E-9
7000	6662E0	|	5216E-1		7451E-5		9517E-4		1360E-7		-1115E-8
8000	7674E0	|	5919E-1		7398E-5		9593E-4		1199E-7		8537E-9
9000	8613E0	|	6557E-1		7285E-5		9570E-4		1063E-7		-7526E-9
10000	9622E0	|	7241E-1		7241E-5		9622E-4		9622E-8		-1323E-8
11000	1043E1	|	7771E-1		7065E-5		9485E-4		8622E-8		-2372E-8
12000	1142E1	|	8431E-1		7025E-5		9520E-4		7933E-8		8027E-9
13000	1235E1	|	9038E-1		6953E-5		9502E-4		7309E-8		-6105E-9
14000	1341E1	|	9736E-1		6955E-5		9579E-4		6842E-8		-2770E-8
15000	1438E1	|	1036E0		6910E-5		9585E-4		6390E-8		-1703E-8
16000	1518E1	|	1087E0		6795E-5		9490E-4		5931E-8		-1086E-8
17000	1799E1	|	1280E0		7530E-5		1058E-3		6225E-8		-4065E-8
18000	1980E1	|	1401E0		7783E-5		1100E-3		6112E-8		-3501E-8
19000	2135E1	|	1502E0		7905E-5		1124E-3		5913E-8		-3401E-7
20000	2253E1	|	1577E0		7885E-5		1127E-3		5633E-8		-1478E-8
------------------------------------------------------------------------------------------------
--------------------  Timing Analysis: timeGetArrayList(int index)  ----------------------------
			    timesToLoop: 5000 | Should be O(1)

N		T(N)  	|	T(N)/logN	T(N)/NlogN	T(N)/N		T(N)/N^2	T(N)/N^3
------------------------------------------------------------------------------------------------
1000	2327E0	|	2335E-1		2335E-4		2327E-3		2327E-6		2327E-9
2000	6000E-3	|	5472E-4		2736E-7		3000E-6		1500E-9		-1017E-11
3000	6000E-3	|	5194E-4		1731E-7		2000E-6		6667E-10	4877E-12
4000	6000E-3	|	5014E-4		1254E-7		1500E-6		3750E-10	-1413E-11
5000	6000E-3	|	4883E-4		9766E-8		1200E-6		2400E-10	1345E-11
6000	6000E-3	|	4781E-4		7968E-8		1000E-6		1667E-10	4794E-12
7000	6000E-3	|	4697E-4		6711E-8		8571E-7		1224E-10	-1004E-11
8000	6000E-3	|	4628E-4		5784E-8		7500E-7		9375E-11	6675E-12
9000	6000E-3	|	4568E-4		5075E-8		6667E-7		7407E-11	-5243E-12
10000	6000E-3	|	4515E-4		4515E-8		6000E-7		6000E-11	-8249E-12
11000	6000E-3	|	4469E-4		4063E-8		5455E-7		4959E-11	-1364E-11
12000	6000E-3	|	4428E-4		3690E-8		5000E-7		4167E-11	4216E-12
13000	6000E-3	|	4390E-4		3377E-8		4615E-7		3550E-11	-2966E-12
14000	6000E-3	|	4356E-4		3112E-8		4286E-7		3061E-11	-1239E-11
15000	6000E-3	|	4325E-4		2883E-8		4000E-7		2667E-11	-7107E-12
16000	6000E-3	|	4296E-4		2685E-8		3750E-7		2344E-11	-4289E-12
17000	6000E-3	|	4269E-4		2511E-8		3529E-7		2076E-11	-1356E-11
18000	6000E-3	|	4245E-4		2358E-8		3333E-7		1852E-11	-1061E-11
19000	6000E-3	|	4221E-4		2222E-8		3158E-7		1662E-11	-9558E-11
20000	6000E-3	|	4199E-4		2100E-8		3000E-7		1500E-11	-3937E-12
------------------------------------------------------------------------------------------------
----------------------  Timing Analysis: timeRemoveLinkedList(int index) -----------------------
			    timesToLoop: 100 | Should be O(N)
	 This remove method must traverse through the LinkedList to get to the right index.

N		T(N)  	|	T(N)/logN	T(N)/NlogN	T(N)/N		T(N)/N^2	T(N)/N^3
------------------------------------------------------------------------------------------------
1000	1251E1	|	1255E0		1255E-3		1251E-2		1251E-5		1251E-8
2000	1385E1	|	1263E0		6313E-4		6923E-3		3462E-6		-2347E-8
3000	8143E0	|	7050E-1		2350E-4		2714E-3		9048E-7		6619E-9
4000	9580E0	|	8006E-1		2002E-4		2395E-3		5987E-7		-2257E-8
5000	1145E1	|	9318E-1		1864E-4		2290E-3		4580E-7		2568E-8
6000	1349E1	|	1075E0		1792E-4		2249E-3		3748E-7		1078E-8
7000	1552E1	|	1215E0		1736E-4		2217E-3		3167E-7		-2598E-8
8000	1749E1	|	1349E0		1686E-4		2186E-3		2732E-7		1945E-8
9000	1959E1	|	1491E0		1657E-4		2177E-3		2418E-7		-1712E-8
10000	2206E1	|	1660E0		1660E-4		2206E-3		2206E-7		-3033E-8
11000	2406E1	|	1792E0		1629E-4		2187E-3		1988E-7		-5469E-8
12000	2687E1	|	1983E0		1652E-4		2239E-3		1866E-7		1888E-8
13000	2791E1	|	2042E0		1571E-4		2147E-3		1651E-7		-1379E-8
14000	3210E1	|	2331E0		1665E-4		2293E-3		1638E-7		-6631E-8
15000	3261E1	|	2351E0		1567E-4		2174E-3		1449E-7		-3862E-8
16000	3422E1	|	2450E0		1531E-4		2139E-3		1337E-7		-2446E-8
17000	3895E1	|	2771E0		1630E-4		2291E-3		1348E-7		-8800E-8
18000	3992E1	|	2824E0		1569E-4		2218E-3		1232E-7		-7059E-8
19000	4089E1	|	2877E0		1514E-4		2152E-3		1133E-7		-6514E-7
20000	4374E1	|	3062E0		1531E-4		2187E-3		1094E-7		-2870E-8
------------------------------------------------------------------------------------------------
----------------------  Timing Analysis: timeRemoveArrayList(int index) ------------------------
			    timesToLoop: 1500 | Should be O(N)

N		T(N)  	|	T(N)/logN	T(N)/NlogN	T(N)/N		T(N)/N^2	T(N)/N^3
------------------------------------------------------------------------------------------------
1000	-8719E0	|	-8749E-1	-8749E-4		-8719E-3		-8719E-6		-8719E-9
2000	7130E-1	|	6502E-2		3251E-5		3565E-4		1782E-7		-1209E-9
3000	9980E-1	|	8640E-2		2880E-5		3327E-4		1109E-7		8113E-10
4000	1278E0	|	1068E-1		2670E-5		3195E-4		7988E-8		-3011E-9
5000	1580E0	|	1286E-1		2572E-5		3160E-4		6320E-8		3543E-9
6000	1836E0	|	1463E-1		2438E-5		3060E-4		5100E-8		1467E-9
7000	2130E0	|	1668E-1		2382E-5		3043E-4		4347E-8		-3566E-9
8000	4386E0	|	3383E-1		4228E-5		3483E-4		6853E-8		4879E-9
9000	4845E0	|	3688E-1		4098E-5		3383E-4		5981E-8		-4234E-9
10000	3009E0	|	2264E-1		2264E-5		3009E-4		3009E-8		-4137E-9
11000	3368E0	|	2509E-1		2281E-5		3062E-4		2783E-8		-7657E-9
12000	7406E0	|	5465E-1		4554E-5		3172E-4		5143E-8		5204E-9
13000	4030E0	|	2949E-1		2268E-5		3100E-4		2385E-8		-1992E-9
14000	4335E0	|	3147E-1		2248E-5		3096E-4		2212E-8		-8955E-9
15000	8205E0	|	5915E-1		3943E-5		3470E-4		3647E-8		-9718E-9
16000	5023E0	|	3597E-1		2248E-5		3139E-4		1962E-8		-3591E-9
17000	5599E0	|	3984E-1		2344E-5		3294E-4		1937E-8		-1265E-8
18000	5468E0	|	3868E-1		2149E-5		3038E-4		1688E-8		-9668E-9
19000	1008E1	|	7095E-1		3734E-5		3307E-4		2793E-8		-1606E-7
20000	6035E0	|	4224E-1		2112E-5		3018E-4		1509E-8		-3960E-9
------------------------------------------------------------------------------------------------
